       0/9     5.92G   0.07313   0.03961   0.02651    0.1393       130      1280    0.2758    0.3476     0.267    0.1227   0.05081   0.03813    0.0117
       1/9     5.95G    0.0563   0.03316   0.01099    0.1004       124      1280    0.2911    0.4636    0.3943    0.1926   0.04847   0.03657  0.009358
       2/9     5.95G   0.05241     0.032  0.009258   0.09366       189      1280    0.2944    0.4801    0.4051    0.1975   0.04599   0.03711  0.008674
       3/9     5.95G   0.04814    0.0318  0.008079   0.08802        63      1280    0.3319    0.4974    0.4321    0.2187   0.04683   0.03862  0.008126
       4/9     5.95G   0.04572   0.03129  0.007159   0.08416       142      1280    0.3847    0.5895    0.5322    0.2801   0.04189   0.03384  0.006101
       5/9     5.95G   0.04346   0.03045  0.006438   0.08035       137      1280    0.3598    0.6513    0.5818    0.3143   0.04053   0.03279  0.005193
       6/9     5.95G   0.04216   0.03025  0.005881   0.07829       111      1280    0.3657    0.6687    0.5994    0.3258   0.04003   0.03241  0.004764
       7/9     5.95G   0.04096   0.02976  0.005509   0.07622       184      1280    0.3653    0.6897    0.6214    0.3429   0.03942   0.03175  0.004331
       8/9     5.95G   0.04028   0.02913  0.005099   0.07452       115      1280    0.3799    0.6909    0.6299    0.3505   0.03915   0.03158  0.004117
       9/9     5.95G   0.03983   0.02893  0.004943   0.07371       135      1280     0.371    0.7087     0.649    0.3637   0.03866   0.03118  0.003815
