       0/9     3.31G    0.0421   0.00944   0.02269   0.07423         2      1024     0.353    0.5614    0.4407    0.2674    0.0209  0.004635  0.005521
       1/9        4G   0.03332   0.00736   0.01288   0.05356         3      1024    0.4188    0.5226    0.4063    0.2286   0.02122  0.004664  0.007169
       2/9        4G     0.035   0.00795   0.01627   0.05921         4      1024     0.282    0.4709    0.3362    0.1731   0.02377  0.005119  0.008094
       3/9        4G   0.03469   0.00816    0.0165   0.05936         2      1024    0.3091    0.5137    0.3836    0.2163   0.02145  0.004764  0.006068
       4/9        4G   0.03238  0.007776   0.01358   0.05374         4      1024    0.4249    0.5394    0.4332    0.2551    0.0204  0.004587     0.005
       5/9        4G    0.0299  0.007479    0.0115   0.04888         2      1024    0.3931    0.5828    0.4681    0.2928   0.01907  0.004388  0.004168
       6/9        4G   0.02846  0.007249  0.009848   0.04556         3      1024     0.503    0.6049     0.515    0.3386   0.01799  0.004231  0.003631
       7/9        4G   0.02697  0.007057   0.00873   0.04276         4      1024    0.4438      0.67    0.5483    0.3672    0.0173  0.004114  0.002723
       8/9        4G   0.02563  0.006846  0.007788   0.04027         5      1024    0.4563    0.6966    0.5931    0.4082   0.01656  0.004003   0.00223
       9/9        4G   0.02456  0.006685  0.006625   0.03787         4      1024    0.4604    0.7178    0.6072    0.4262   0.01606  0.003946  0.001876
